0 1
0 5
0 21
0 42
1 2
1 5
1 6
1 7
1 8
1 10
1 12
1 14
1 19
1 23
1 25
1 30
1 42
1 48
2 3
2 5
2 6
2 8
2 9
2 10
2 11
2 17
2 19
2 20
2 22
2 27
2 31
2 32
2 33
2 37
2 38
2 39
2 40
2 46
3 4
3 9
3 12
3 13
3 15
3 17
3 18
3 23
3 24
3 27
3 29
3 30
3 40
5 6
5 7
5 8
5 12
5 13
5 14
5 16
5 22
5 23
5 29
5 33
5 34
5 36
5 38
5 49
6 11
6 16
6 31
6 44
6 46
7 41
8 9
8 15
8 16
8 19
9 10
9 14
9 20
9 36
9 41
9 43
10 11
10 18
10 26
10 28
10 37
10 38
10 45
10 46
11 20
11 22
12 13
12 15
12 18
13 17
13 21
14 24
14 33
14 37
14 39
15 32
16 28
17 31
17 35
17 43
18 25
18 26
18 27
18 45
19 21
19 24
19 26
19 28
19 35
19 43
21 42
22 25
23 32
23 40
23 47
24 29
25 48
26 49
28 30
28 34
28 35
28 41
28 44
33 34
33 36
33 47
38 44
39 48
43 45
46 47
47 49
