0 1
0 6
0 27
0 29
0 33
0 40
0 45
0 3
0 25
1 0
1 4
1 5
1 7
1 14
1 16
1 22
1 48
1 3
1 27
1 32
1 36
1 39
2 5
2 16
2 20
2 4
2 7
2 12
2 17
2 30
2 39
2 42
2 47
3 0
3 1
3 10
3 24
3 25
3 32
3 16
3 18
3 34
3 35
4 1
4 2
4 16
4 18
4 23
4 36
4 46
4 5
4 15
4 24
4 27
4 28
4 40
5 1
5 2
5 4
5 31
5 32
5 10
5 20
5 22
5 34
6 0
6 8
6 16
6 20
6 23
6 37
6 40
6 42
6 7
6 22
6 33
6 43
6 45
6 49
7 1
7 2
7 6
7 10
7 17
7 18
7 22
7 32
7 45
7 12
7 14
8 6
8 22
8 23
8 42
8 45
8 37
8 39
9 10
9 12
9 14
9 17
9 20
9 22
9 23
9 29
9 38
9 39
9 48
9 11
9 19
9 26
9 30
9 33
9 37
9 47
10 3
10 7
10 9
10 5
10 13
10 17
10 18
10 31
10 32
10 39
10 40
10 48
10 28
10 29
10 37
11 9
11 19
11 27
11 29
11 35
11 38
11 42
11 48
11 49
11 13
11 25
11 31
11 32
11 33
11 39
12 9
12 2
12 7
12 13
12 15
12 25
12 37
12 17
12 18
12 19
12 32
13 10
13 12
13 11
13 14
13 16
13 22
13 32
13 38
13 44
13 24
13 31
13 47
14 1
14 9
14 13
14 7
14 15
14 17
14 23
14 25
14 30
14 37
14 47
15 12
15 14
15 4
15 16
15 26
15 32
15 39
15 19
15 29
15 37
15 48
16 1
16 2
16 4
16 6
16 13
16 15
16 3
16 19
16 29
16 47
16 49
16 18
16 20
16 21
16 23
16 30
16 38
16 48
17 7
17 9
17 10
17 14
17 2
17 12
17 25
17 29
17 32
17 43
17 47
17 23
17 28
17 31
17 40
17 45
18 4
18 7
18 10
18 3
18 12
18 16
18 21
18 24
18 26
18 39
18 22
18 29
18 47
19 11
19 16
19 9
19 12
19 15
19 22
19 31
19 32
19 33
19 39
19 21
19 26
19 35
19 46
19 48
20 2
20 6
20 9
20 5
20 16
20 24
20 36
20 23
20 25
20 31
20 34
20 42
20 44
20 49
21 18
21 16
21 19
21 26
21 31
21 32
21 41
21 46
21 28
21 34
21 35
21 37
21 48
22 1
22 7
22 8
22 9
22 13
22 19
22 5
22 6
22 18
22 35
22 37
22 38
22 43
22 45
22 24
22 26
22 27
22 29
22 41
23 4
23 6
23 8
23 9
23 14
23 16
23 17
23 20
23 27
23 43
23 46
23 47
23 24
23 31
23 40
23 48
23 49
24 3
24 18
24 20
24 4
24 13
24 22
24 23
24 28
24 29
24 34
24 38
24 46
24 26
24 27
24 43
24 44
24 48
24 49
25 3
25 12
25 14
25 17
25 0
25 11
25 20
25 37
25 42
25 46
25 26
25 27
25 32
26 15
26 18
26 21
26 9
26 19
26 22
26 24
26 25
26 31
26 41
26 45
26 28
26 30
26 36
26 37
26 49
27 0
27 11
27 23
27 1
27 4
27 22
27 24
27 25
27 33
27 37
27 44
28 24
28 4
28 10
28 17
28 21
28 26
28 34
28 43
28 47
28 48
28 35
28 44
28 46
29 0
29 9
29 11
29 16
29 17
29 24
29 10
29 15
29 18
29 22
29 32
29 38
29 45
29 48
29 40
29 46
29 47
30 14
30 2
30 9
30 16
30 26
30 41
30 43
30 31
30 34
30 48
30 49
31 5
31 10
31 19
31 21
31 26
31 11
31 13
31 17
31 20
31 23
31 30
31 32
31 38
31 35
31 45
31 49
32 3
32 5
32 7
32 10
32 13
32 15
32 17
32 19
32 21
32 29
32 31
32 1
32 11
32 12
32 25
32 46
32 35
32 42
33 0
33 19
33 6
33 9
33 11
33 27
33 34
33 42
33 44
33 43
33 49
34 24
34 28
34 33
34 3
34 5
34 20
34 21
34 30
34 41
34 35
34 36
35 11
35 22
35 3
35 19
35 21
35 28
35 31
35 32
35 34
35 39
35 42
35 37
36 4
36 20
36 1
36 26
36 34
36 37
36 47
36 39
37 6
37 12
37 22
37 25
37 36
37 8
37 9
37 10
37 14
37 15
37 21
37 26
37 27
37 35
37 40
38 9
38 11
38 13
38 22
38 24
38 29
38 31
38 16
38 39
39 9
39 10
39 15
39 18
39 19
39 35
39 38
39 1
39 2
39 8
39 11
39 36
39 43
39 44
39 46
40 0
40 6
40 10
40 4
40 17
40 23
40 29
40 37
40 44
40 42
40 45
40 48
41 21
41 26
41 30
41 34
41 22
41 42
41 45
42 6
42 8
42 11
42 25
42 33
42 35
42 41
42 2
42 20
42 32
42 40
42 45
43 17
43 22
43 23
43 28
43 30
43 39
43 6
43 24
43 33
44 13
44 33
44 39
44 40
44 20
44 24
44 27
44 28
45 0
45 7
45 8
45 22
45 26
45 29
45 42
45 6
45 17
45 31
45 40
45 41
45 48
46 4
46 21
46 23
46 24
46 25
46 32
46 39
46 19
46 28
46 29
47 16
47 17
47 23
47 28
47 36
47 2
47 9
47 13
47 14
47 18
47 29
48 1
48 9
48 10
48 11
48 28
48 29
48 45
48 15
48 16
48 19
48 21
48 23
48 24
48 30
48 40
49 11
49 16
49 6
49 20
49 23
49 24
49 26
49 30
49 31
49 33
